INSERT INTO count (model, part, label, id, time, count) VALUES
(3, 0, 0, 1, '2020-4-7', 12),
(3, 0, 0, 2, '2020-4-7', 56),
(3, 0, 0, 3, '2020-4-7', 63),
(3, 0, 0, 4, '2020-4-7', 12),
(3, 0, 0, 5, '2020-4-7', 85),
(3, 0, 0, 6, '2020-4-7', 2),
(3, 0, 0, 7, '2020-4-7', 12),
(3, 0, 0, 8, '2020-4-7', 77),

(1, 0, 6, 1, '2020-4-7', 52),
(1, 0, 1, 2, '2020-4-7', 93),
(1, 0, 6, 3, '2020-4-7', 36),
(1, 0, 3, 4, '2020-4-7', 87),
 (1, 0, 1, 5, '2020-4-7', 89),
 (1, 0, 1, 6, '2020-4-7', 32),
(1, 0, 1, 7, '2020-4-7', 12),
(1, 0, 2, 8, '2020-4-7', 78),
(1, 0, 2, 9, '2020-4-7', 45),
(1, 0, 4, 10, '2020-4-7', 38),
(1, 0, 3, 11, '2020-4-7', 12),
(1, 0, 3, 12, '2020-4-7', 26),
(1, 0, 5, 13, '2020-4-7', 35),
(1, 0, 5, 14, '2020-4-7', 99),

(1, 1, 1, 1, '2020-4-7', 21),
(1, 1, 4, 2, '2020-4-7', 12),
(1, 1, 2, 3, '2020-4-7', 63),
(1, 1, 5, 4, '2020-4-7', 23),
(1, 1, 1, 5, '2020-4-7', 35),
(1, 1, 3, 6, '2020-4-7', 5),
(1, 1, 6, 7, '2020-4-7', 2),
(1, 1, 7, 8, '2020-4-7', 52),
(1, 1, 8, 9, '2020-4-7', 2),
(1, 1, 9, 10, '2020-4-7', 78),

(1, 2, 9, 1, '2020-4-7', 36),
(1, 2, 9, 3, '2020-4-7', 12),
(1, 2, 9, 4, '2020-4-7', 36),
(1, 2, 5, 5, '2020-4-7', 79),
(1, 2, 4, 6, '2020-4-7', 62),
(1, 2, 10, 7, '2020-4-7', 35),
(1, 2, 7, 8, '2020-4-7', 77),
(1, 2, 8, 9, '2020-4-7', 4),
(1, 2, 6, 10, '2020-4-7', 66),
(1, 2, 3, 11, '2020-4-7', 6),
(1, 2, 1, 12, '2020-4-7', 252),

(1, 3, 5, 1, '2020-4-7', 12),
(1, 3, 9, 2, '2020-4-7', 56),
(1, 3, 1, 3, '2020-4-7', 63),
(1, 3, 1, 4, '2020-4-7', 12),
(1, 3, 9, 5, '2020-4-7', 85),
(1, 3, 5, 6, '2020-4-7', 2),
(1, 3, 4, 7, '2020-4-7', 12),
(1, 3, 1, 8, '2020-4-7', 77),
(1, 3, 3, 9, '2020-4-7', 12),
(1, 3, 2, 10, '2020-4-7', 77),
(1, 3, 6, 11, '2020-4-7', 12),
(1, 3, 7, 12, '2020-4-7', 77),
(1, 3, 8, 13, '2020-4-7', 12),

(1, 4, 1, 1, '2020-4-7', 12),
(1, 4, 2, 16, '2020-4-7', 56),
(1, 4, 2, 17, '2020-4-7', 63),
(1, 4, 3, 18, '2020-4-7', 12),
(1, 4, 4, 19, '2020-4-7', 85),
(1, 4, 5, 20, '2020-4-7', 2),

(1, 5, 6, 1, '2020-4-7', 12),
(1, 5, 8, 2, '2020-4-7', 56),
(1, 5, 11, 3, '2020-4-7', 63),
(1, 5, 1, 4, '2020-4-7', 12),
(1, 5, 2, 5, '2020-4-7', 85),
(1, 5, 3, 6, '2020-4-7', 2),
(1, 5, 4, 7, '2020-4-7', 12),
(1, 5, 5, 8, '2020-4-7', 77),
(1, 5, 7, 9, '2020-4-7', 12),
(1, 5, 10, 10, '2020-4-7', 77),

(1, 6, 3, 1, '2020-4-7', 12),
(1, 6, 1, 2, '2020-4-7', 56),
(1, 6, 3, 3, '2020-4-7', 63),
(1, 6, 4, 4, '2020-4-7', 12),
(1, 6, 3, 5, '2020-4-7', 85),
(1, 6, 3, 6, '2020-4-7', 2),
(1, 6, 1, 7, '2020-4-7', 12),
(1, 6, 6, 8, '2020-4-7', 77),
(1, 6, 2, 9, '2020-4-7', 12),
(1, 6, 5, 10, '2020-4-7', 77);
